(kicad_pcb (version 20171130) (host pcbnew 5.0.0+dfsg1-2~nibpo9+1)

  (general
    (thickness 1.6)
    (drawings 41)
    (tracks 1452)
    (zones 0)
    (modules 97)
    (nets 75)
  )

  (page A4)
  (layers
    (0 F.Cu signal)
    (31 B.Cu signal)
    (32 B.Adhes user)
    (33 F.Adhes user)
    (34 B.Paste user)
    (35 F.Paste user)
    (36 B.SilkS user)
    (37 F.SilkS user)
    (38 B.Mask user)
    (39 F.Mask user)
    (40 Dwgs.User user)
    (41 Cmts.User user)
    (42 Eco1.User user)
    (43 Eco2.User user)
    (44 Edge.Cuts user)
    (45 Margin user)
    (46 B.CrtYd user)
    (47 F.CrtYd user)
    (48 B.Fab user)
    (49 F.Fab user)
  )

  (setup
    (last_trace_width 0.2)
    (user_trace_width 0.3)
    (trace_clearance 0.2)
    (zone_clearance 0.21)
    (zone_45_only no)
    (trace_min 0.2)
    (segment_width 0.2)
    (edge_width 0.15)
    (via_size 0.6)
    (via_drill 0.4)
    (via_min_size 0.4)
    (via_min_drill 0.3)
    (uvia_size 0.3)
    (uvia_drill 0.1)
    (uvias_allowed no)
    (uvia_min_size 0.2)
    (uvia_min_drill 0.1)
    (pcb_text_width 0.3)
    (pcb_text_size 1.5 1.5)
    (mod_edge_width 0.15)
    (mod_text_size 1 1)
    (mod_text_width 0.15)
    (pad_size 1.524 1.524)
    (pad_drill 0.762)
    (pad_to_mask_clearance 0.2)
    (aux_axis_origin 0 0)
    (visible_elements FFF9FF7F)
    (pcbplotparams
      (layerselection 0x010fc_80000001)
      (usegerberextensions false)
      (usegerberattributes false)
      (usegerberadvancedattributes false)
      (creategerberjobfile false)
      (excludeedgelayer true)
      (linewidth 0.100000)
      (plotframeref false)
      (viasonmask false)
      (mode 1)
      (useauxorigin false)
      (hpglpennumber 1)
      (hpglpenspeed 20)
      (hpglpendiameter 15.000000)
      (psnegative false)
      (psa4output false)
      (plotreference true)
      (plotvalue false)
      (plotinvisibletext false)
      (padsonsilk false)
      (subtractmaskfromsilk true)
      (outputformat 1)
      (mirror false)
      (drillshape 0)
      (scaleselection 1)
      (outputdirectory "gerber"))
  )

  (net 0 "")
  (net 1 /row0)
  (net 2 /row1)
  (net 3 /row2)
  (net 4 /row3)
  (net 5 /row4)
  (net 6 GND)
  (net 7 +5V)
  (net 8 /col0)
  (net 9 /col1)
  (net 10 /col2)
  (net 11 /col3)
  (net 12 /col4)
  (net 13 /col5)
  (net 14 /col6)
  (net 15 /D-)
  (net 16 /D+)
  (net 17 /sw0d)
  (net 18 /sw1d)
  (net 19 /sw2d)
  (net 20 /sw3d)
  (net 21 /sw4d)
  (net 22 /sw5d)
  (net 23 /sw6d)
  (net 24 /sw8d)
  (net 25 /sw9d)
  (net 26 /sw10d)
  (net 27 /sw11d)
  (net 28 /sw12d)
  (net 29 /sw13d)
  (net 30 /sw14d)
  (net 31 /sw16d)
  (net 32 /sw17d)
  (net 33 /sw18d)
  (net 34 /sw19d)
  (net 35 /sw20d)
  (net 36 /sw21d)
  (net 37 /sw24d)
  (net 38 /sw25d)
  (net 39 /sw26d)
  (net 40 /sw27d)
  (net 41 /sw28d)
  (net 42 /sw29d)
  (net 43 /sw30d)
  (net 44 /sw34d)
  (net 45 /sw35d)
  (net 46 /sw36d)
  (net 47 /sw37d)
  (net 48 /sw38d)
  (net 49 /mcuD-)
  (net 50 /mcuD+)
  (net 51 /ucap)
  (net 52 /xtal1)
  (net 53 /xtal2)
  (net 54 /SDA)
  (net 55 /SCL)
  (net 56 /hwb)
  (net 57 /reset)
  (net 58 /cD-)
  (net 59 /cD+)
  (net 60 /cSDA)
  (net 61 /cSCL)
  (net 62 "Net-(J1-Pad4)")
  (net 63 "Net-(J2-Pad4)")
  (net 64 /rx)
  (net 65 /tx)
  (net 66 "Net-(U1-Pad39)")
  (net 67 "Net-(U1-Pad38)")
  (net 68 "Net-(U1-Pad37)")
  (net 69 "Net-(U1-Pad36)")
  (net 70 "Net-(U1-Pad32)")
  (net 71 "Net-(U1-Pad31)")
  (net 72 "Net-(U1-Pad27)")
  (net 73 "Net-(U1-Pad12)")
  (net 74 "Net-(U1-Pad1)")

  (net_class Default "This is the default net class."
    (clearance 0.2)
    (trace_width 0.2)
    (via_dia 0.6)
    (via_drill 0.4)
    (uvia_dia 0.3)
    (uvia_drill 0.1)
    (add_net +5V)
    (add_net /D+)
    (add_net /D-)
    (add_net /SCL)
    (add_net /SDA)
    (add_net /cD+)
    (add_net /cD-)
    (add_net /cSCL)
    (add_net /cSDA)
    (add_net /col0)
    (add_net /col1)
    (add_net /col2)
    (add_net /col3)
    (add_net /col4)
    (add_net /col5)
    (add_net /col6)
    (add_net /hwb)
    (add_net /mcuD+)
    (add_net /mcuD-)
    (add_net /reset)
    (add_net /row0)
    (add_net /row1)
    (add_net /row2)
    (add_net /row3)
    (add_net /row4)
    (add_net /rx)
    (add_net /sw0d)
    (add_net /sw10d)
    (add_net /sw11d)
    (add_net /sw12d)
    (add_net /sw13d)
    (add_net /sw14d)
    (add_net /sw16d)
    (add_net /sw17d)
    (add_net /sw18d)
    (add_net /sw19d)
    (add_net /sw1d)
    (add_net /sw20d)
    (add_net /sw21d)
    (add_net /sw24d)
    (add_net /sw25d)
    (add_net /sw26d)
    (add_net /sw27d)
    (add_net /sw28d)
    (add_net /sw29d)
    (add_net /sw2d)
    (add_net /sw30d)
    (add_net /sw34d)
    (add_net /sw35d)
    (add_net /sw36d)
    (add_net /sw37d)
    (add_net /sw38d)
    (add_net /sw3d)
    (add_net /sw4d)
    (add_net /sw5d)
    (add_net /sw6d)
    (add_net /sw8d)
    (add_net /sw9d)
    (add_net /tx)
    (add_net /ucap)
    (add_net /xtal1)
    (add_net /xtal2)
    (add_net GND)
    (add_net "Net-(J1-Pad4)")
    (add_net "Net-(J2-Pad4)")
    (add_net "Net-(U1-Pad1)")
    (add_net "Net-(U1-Pad12)")
    (add_net "Net-(U1-Pad27)")
    (add_net "Net-(U1-Pad31)")
    (add_net "Net-(U1-Pad32)")
    (add_net "Net-(U1-Pad36)")
    (add_net "Net-(U1-Pad37)")
    (add_net "Net-(U1-Pad38)")
    (add_net "Net-(U1-Pad39)")
  )

  (module splitty:C_0603_1608Metric_Pad0.84x1.00mm_HandSolder (layer F.Cu) (tedit 59FE48B8) (tstamp 5BA3478A)
    (at 167.64 46.99 180)
    (descr "Capacitor SMD 0603 (1608 Metric), square (rectangular) end terminal, IPC_7351 nominal with elongated pad for handsoldering. (Body size source: http://www.tortai-tech.com/upload/download/2011102023233369053.pdf), generated with kicad-footprint-generator")
    (tags "capacitor handsolder")
    (path /5AD7B7C3)
    (attr smd)
    (fp_text reference C12 (at 0 -1.65 180) (layer F.SilkS)
      (effects (font (size 1 1) (thickness 0.15)))
    )
    (fp_text value 1u (at 0 1.65 180) (layer F.Fab)
      (effects (font (size 1 1) (thickness 0.15)))
    )
    (fp_text user %R (at 0 0 180) (layer F.Fab)
      (effects (font (size 0.5 0.5) (thickness 0.08)))
    )
    (fp_line (start 1.64 0.75) (end -1.64 0.75) (layer F.CrtYd) (width 0.05))
    (fp_line (start 1.64 -0.75) (end 1.64 0.75) (layer F.CrtYd) (width 0.05))
    (fp_line (start -1.64 -0.75) (end 1.64 -0.75) (layer F.CrtYd) (width 0.05))
    (fp_line (start -1.64 0.75) (end -1.64 -0.75) (layer F.CrtYd) (width 0.05))
    (fp_line (start -0.22 0.51) (end 0.22 0.51) (layer F.SilkS) (width 0.12))
    (fp_line (start -0.22 -0.51) (end 0.22 -0.51) (layer F.SilkS) (width 0.12))
    (fp_line (start 0.8 0.4) (end -0.8 0.4) (layer F.Fab) (width 0.1))
    (fp_line (start 0.8 -0.4) (end 0.8 0.4) (layer F.Fab) (width 0.1))
    (fp_line (start -0.8 -0.4) (end 0.8 -0.4) (layer F.Fab) (width 0.1))
    (fp_line (start -0.8 0.4) (end -0.8 -0.4) (layer F.Fab) (width 0.1))
    (pad 2 smd rect (at 0.9625 0 180) (size 0.845 1) (layers F.Cu F.Paste F.Mask)
      (net 6 GND))
    (pad 1 smd rect (at -0.9625 0 180) (size 0.845 1) (layers F.Cu F.Paste F.Mask)
      (net 7 +5V))
    (model ${KISYS3DMOD}/Capacitor_SMD.3dshapes/C_0603_1608Metric.wrl
      (at (xyz 0 0 0))
      (scale (xyz 1 1 1))
      (rotate (xyz 0 0 0))
    )
  )

  (module splitty:C_0603_1608Metric_Pad0.84x1.00mm_HandSolder (layer B.Cu) (tedit 59FE48B8) (tstamp 5BA3477A)
    (at 167.64 46.99 180)
    (descr "Capacitor SMD 0603 (1608 Metric), square (rectangular) end terminal, IPC_7351 nominal with elongated pad for handsoldering. (Body size source: http://www.tortai-tech.com/upload/download/2011102023233369053.pdf), generated with kicad-footprint-generator")
    (tags "capacitor handsolder")
    (path /5AFF85C6)
    (attr smd)
    (fp_text reference C11 (at 0 1.65 180) (layer B.SilkS)
      (effects (font (size 1 1) (thickness 0.15)) (justify mirror))
    )
    (fp_text value 1u (at 0 -1.65 180) (layer B.Fab)
      (effects (font (size 1 1) (thickness 0.15)) (justify mirror))
    )
    (fp_text user %R (at 0 0 180) (layer B.Fab)
      (effects (font (size 0.5 0.5) (thickness 0.08)) (justify mirror))
    )
    (fp_line (start 1.64 -0.75) (end -1.64 -0.75) (layer B.CrtYd) (width 0.05))
    (fp_line (start 1.64 0.75) (end 1.64 -0.75) (layer B.CrtYd) (width 0.05))
    (fp_line (start -1.64 0.75) (end 1.64 0.75) (layer B.CrtYd) (width 0.05))
    (fp_line (start -1.64 -0.75) (end -1.64 0.75) (layer B.CrtYd) (width 0.05))
    (fp_line (start -0.22 -0.51) (end 0.22 -0.51) (layer B.SilkS) (width 0.12))
    (fp_line (start -0.22 0.51) (end 0.22 0.51) (layer B.SilkS) (width 0.12))
    (fp_line (start 0.8 -0.4) (end -0.8 -0.4) (layer B.Fab) (width 0.1))
    (fp_line (start 0.8 0.4) (end 0.8 -0.4) (layer B.Fab) (width 0.1))
    (fp_line (start -0.8 0.4) (end 0.8 0.4) (layer B.Fab) (width 0.1))
    (fp_line (start -0.8 -0.4) (end -0.8 0.4) (layer B.Fab) (width 0.1))
    (pad 2 smd rect (at 0.9625 0 180) (size 0.845 1) (layers B.Cu B.Paste B.Mask)
      (net 6 GND))
    (pad 1 smd rect (at -0.9625 0 180) (size 0.845 1) (layers B.Cu B.Paste B.Mask)
      (net 7 +5V))
    (model ${KISYS3DMOD}/Capacitor_SMD.3dshapes/C_0603_1608Metric.wrl
      (at (xyz 0 0 0))
      (scale (xyz 1 1 1))
      (rotate (xyz 0 0 0))
    )
  )

  (module splitty:C_0603_1608Metric_Pad0.84x1.00mm_HandSolder (layer F.Cu) (tedit 59FE48B8) (tstamp 5BA3476A)
    (at 167.64 53.34 180)
    (descr "Capacitor SMD 0603 (1608 Metric), square (rectangular) end terminal, IPC_7351 nominal with elongated pad for handsoldering. (Body size source: http://www.tortai-tech.com/upload/download/2011102023233369053.pdf), generated with kicad-footprint-generator")
    (tags "capacitor handsolder")
    (path /5AEA86F2)
    (attr smd)
    (fp_text reference C10 (at 0 -1.65 180) (layer F.SilkS)
      (effects (font (size 1 1) (thickness 0.15)))
    )
    (fp_text value 100n (at 0 1.65 180) (layer F.Fab)
      (effects (font (size 1 1) (thickness 0.15)))
    )
    (fp_text user %R (at 0 0 180) (layer F.Fab)
      (effects (font (size 0.5 0.5) (thickness 0.08)))
    )
    (fp_line (start 1.64 0.75) (end -1.64 0.75) (layer F.CrtYd) (width 0.05))
    (fp_line (start 1.64 -0.75) (end 1.64 0.75) (layer F.CrtYd) (width 0.05))
    (fp_line (start -1.64 -0.75) (end 1.64 -0.75) (layer F.CrtYd) (width 0.05))
    (fp_line (start -1.64 0.75) (end -1.64 -0.75) (layer F.CrtYd) (width 0.05))
    (fp_line (start -0.22 0.51) (end 0.22 0.51) (layer F.SilkS) (width 0.12))
    (fp_line (start -0.22 -0.51) (end 0.22 -0.51) (layer F.SilkS) (width 0.12))
    (fp_line (start 0.8 0.4) (end -0.8 0.4) (layer F.Fab) (width 0.1))
    (fp_line (start 0.8 -0.4) (end 0.8 0.4) (layer F.Fab) (width 0.1))
    (fp_line (start -0.8 -0.4) (end 0.8 -0.4) (layer F.Fab) (width 0.1))
    (fp_line (start -0.8 0.4) (end -0.8 -0.4) (layer F.Fab) (width 0.1))
    (pad 2 smd rect (at 0.9625 0 180) (size 0.845 1) (layers F.Cu F.Paste F.Mask)
      (net 6 GND))
    (pad 1 smd rect (at -0.9625 0 180) (size 0.845 1) (layers F.Cu F.Paste F.Mask)
      (net 7 +5V))
    (model ${KISYS3DMOD}/Capacitor_SMD.3dshapes/C_0603_1608Metric.wrl
      (at (xyz 0 0 0))
      (scale (xyz 1 1 1))
      (rotate (xyz 0 0 0))
    )
  )

  (module splitty:C_0603_1608Metric_Pad0.84x1.00mm_HandSolder (layer F.Cu) (tedit 59FE48B8) (tstamp 5BA3475A)
    (at 85.725 43.18)
    (descr "Capacitor SMD 0603 (1608 Metric), square (rectangular) end terminal, IPC_7351 nominal with elongated pad for handsoldering. (Body size source: http://www.tortai-tech.com/upload/download/2011102023233369053.pdf), generated with kicad-footprint-generator")
    (tags "capacitor handsolder")
    (path /5AEA368F)
    (attr smd)
    (fp_text reference C9 (at 0 -1.65) (layer F.SilkS)
      (effects (font (size 1 1) (thickness 0.15)))
    )
    (fp_text value 100n (at 0 1.65) (layer F.Fab)
      (effects (font (size 1 1) (thickness 0.15)))
    )
    (fp_text user %R (at 0 0) (layer F.Fab)
      (effects (font (size 0.5 0.5) (thickness 0.08)))
    )
    (fp_line (start 1.64 0.75) (end -1.64 0.75) (layer F.CrtYd) (width 0.05))
    (fp_line (start 1.64 -0.75) (end 1.64 0.75) (layer F.CrtYd) (width 0.05))
    (fp_line (start -1.64 -0.75) (end 1.64 -0.75) (layer F.CrtYd) (width 0.05))
    (fp_line (start -1.64 0.75) (end -1.64 -0.75) (layer F.CrtYd) (width 0.05))
    (fp_line (start -0.22 0.51) (end 0.22 0.51) (layer F.SilkS) (width 0.12))
    (fp_line (start -0.22 -0.51) (end 0.22 -0.51) (layer F.SilkS) (width 0.12))
    (fp_line (start 0.8 0.4) (end -0.8 0.4) (layer F.Fab) (width 0.1))
    (fp_line (start 0.8 -0.4) (end 0.8 0.4) (layer F.Fab) (width 0.1))
    (fp_line (start -0.8 -0.4) (end 0.8 -0.4) (layer F.Fab) (width 0.1))
    (fp_line (start -0.8 0.4) (end -0.8 -0.4) (layer F.Fab) (width 0.1))
    (pad 2 smd rect (at 0.9625 0) (size 0.845 1) (layers F.Cu F.Paste F.Mask)
      (net 6 GND))
    (pad 1 smd rect (at -0.9625 0) (size 0.845 1) (layers F.Cu F.Paste F.Mask)
      (net 7 +5V))
    (model ${KISYS3DMOD}/Capacitor_SMD.3dshapes/C_0603_1608Metric.wrl
      (at (xyz 0 0 0))
      (scale (xyz 1 1 1))
      (rotate (xyz 0 0 0))
    )
  )

  (module splitty:C_0603_1608Metric_Pad0.84x1.00mm_HandSolder (layer B.Cu) (tedit 59FE48B8) (tstamp 5BA3474A)
    (at 164.465 73.025 270)
    (descr "Capacitor SMD 0603 (1608 Metric), square (rectangular) end terminal, IPC_7351 nominal with elongated pad for handsoldering. (Body size source: http://www.tortai-tech.com/upload/download/2011102023233369053.pdf), generated with kicad-footprint-generator")
    (tags "capacitor handsolder")
    (path /5AE85A31)
    (attr smd)
    (fp_text reference C8 (at 0 1.65 270) (layer B.SilkS)
      (effects (font (size 1 1) (thickness 0.15)) (justify mirror))
    )
    (fp_text value 100n (at 0 -1.65 270) (layer B.Fab)
      (effects (font (size 1 1) (thickness 0.15)) (justify mirror))
    )
    (fp_text user %R (at 0 0 270) (layer B.Fab)
      (effects (font (size 0.5 0.5) (thickness 0.08)) (justify mirror))
    )
    (fp_line (start 1.64 -0.75) (end -1.64 -0.75) (layer B.CrtYd) (width 0.05))
    (fp_line (start 1.64 0.75) (end 1.64 -0.75) (layer B.CrtYd) (width 0.05))
    (fp_line (start -1.64 0.75) (end 1.64 0.75) (layer B.CrtYd) (width 0.05))
    (fp_line (start -1.64 -0.75) (end -1.64 0.75) (layer B.CrtYd) (width 0.05))
    (fp_line (start -0.22 -0.51) (end 0.22 -0.51) (layer B.SilkS) (width 0.12))
    (fp_line (start -0.22 0.51) (end 0.22 0.51) (layer B.SilkS) (width 0.12))
    (fp_line (start 0.8 -0.4) (end -0.8 -0.4) (layer B.Fab) (width 0.1))
    (fp_line (start 0.8 0.4) (end 0.8 -0.4) (layer B.Fab) (width 0.1))
    (fp_line (start -0.8 0.4) (end 0.8 0.4) (layer B.Fab) (width 0.1))
    (fp_line (start -0.8 -0.4) (end -0.8 0.4) (layer B.Fab) (width 0.1))
    (pad 2 smd rect (at 0.9625 0 270) (size 0.845 1) (layers B.Cu B.Paste B.Mask)
      (net 6 GND))
    (pad 1 smd rect (at -0.9625 0 270) (size 0.845 1) (layers B.Cu B.Paste B.Mask)
      (net 7 +5V))
    (model ${KISYS3DMOD}/Capacitor_SMD.3dshapes/C_0603_1608Metric.wrl
      (at (xyz 0 0 0))
      (scale (xyz 1 1 1))
      (rotate (xyz 0 0 0))
    )
  )

  (module splitty:C_0603_1608Metric_Pad0.84x1.00mm_HandSolder (layer B.Cu) (tedit 59FE48B8) (tstamp 5BA3473A)
    (at 171.45 70.485)
    (descr "Capacitor SMD 0603 (1608 Metric), square (rectangular) end terminal, IPC_7351 nominal with elongated pad for handsoldering. (Body size source: http://www.tortai-tech.com/upload/download/2011102023233369053.pdf), generated with kicad-footprint-generator")
    (tags "capacitor handsolder")
    (path /5AE85C6A)
    (attr smd)
    (fp_text reference C7 (at 0 1.65) (layer B.SilkS)
      (effects (font (size 1 1) (thickness 0.15)) (justify mirror))
    )
    (fp_text value 100n (at 0 -1.65) (layer B.Fab)
      (effects (font (size 1 1) (thickness 0.15)) (justify mirror))
    )
    (fp_text user %R (at 0 0) (layer B.Fab)
      (effects (font (size 0.5 0.5) (thickness 0.08)) (justify mirror))
    )
    (fp_line (start 1.64 -0.75) (end -1.64 -0.75) (layer B.CrtYd) (width 0.05))
    (fp_line (start 1.64 0.75) (end 1.64 -0.75) (layer B.CrtYd) (width 0.05))
    (fp_line (start -1.64 0.75) (end 1.64 0.75) (layer B.CrtYd) (width 0.05))
    (fp_line (start -1.64 -0.75) (end -1.64 0.75) (layer B.CrtYd) (width 0.05))
    (fp_line (start -0.22 -0.51) (end 0.22 -0.51) (layer B.SilkS) (width 0.12))
    (fp_line (start -0.22 0.51) (end 0.22 0.51) (layer B.SilkS) (width 0.12))
    (fp_line (start 0.8 -0.4) (end -0.8 -0.4) (layer B.Fab) (width 0.1))
    (fp_line (start 0.8 0.4) (end 0.8 -0.4) (layer B.Fab) (width 0.1))
    (fp_line (start -0.8 0.4) (end 0.8 0.4) (layer B.Fab) (width 0.1))
    (fp_line (start -0.8 -0.4) (end -0.8 0.4) (layer B.Fab) (width 0.1))
    (pad 2 smd rect (at 0.9625 0) (size 0.845 1) (layers B.Cu B.Paste B.Mask)
      (net 6 GND))
    (pad 1 smd rect (at -0.9625 0) (size 0.845 1) (layers B.Cu B.Paste B.Mask)
      (net 7 +5V))
    (model ${KISYS3DMOD}/Capacitor_SMD.3dshapes/C_0603_1608Metric.wrl
      (at (xyz 0 0 0))
      (scale (xyz 1 1 1))
      (rotate (xyz 0 0 0))
    )
  )

  (module splitty:C_0603_1608Metric_Pad0.84x1.00mm_HandSolder (layer B.Cu) (tedit 59FE48B8) (tstamp 5BA3472A)
    (at 173.355 78.74 90)
    (descr "Capacitor SMD 0603 (1608 Metric), square (rectangular) end terminal, IPC_7351 nominal with elongated pad for handsoldering. (Body size source: http://www.tortai-tech.com/upload/download/2011102023233369053.pdf), generated with kicad-footprint-generator")
    (tags "capacitor handsolder")
    (path /5AFF1893)
    (attr smd)
    (fp_text reference C6 (at 0 1.65 90) (layer B.SilkS)
      (effects (font (size 1 1) (thickness 0.15)) (justify mirror))
    )
    (fp_text value 100n (at 0 -1.65 90) (layer B.Fab)
      (effects (font (size 1 1) (thickness 0.15)) (justify mirror))
    )
    (fp_text user %R (at 0 0 90) (layer B.Fab)
      (effects (font (size 0.5 0.5) (thickness 0.08)) (justify mirror))
    )
    (fp_line (start 1.64 -0.75) (end -1.64 -0.75) (layer B.CrtYd) (width 0.05))
    (fp_line (start 1.64 0.75) (end 1.64 -0.75) (layer B.CrtYd) (width 0.05))
    (fp_line (start -1.64 0.75) (end 1.64 0.75) (layer B.CrtYd) (width 0.05))
    (fp_line (start -1.64 -0.75) (end -1.64 0.75) (layer B.CrtYd) (width 0.05))
    (fp_line (start -0.22 -0.51) (end 0.22 -0.51) (layer B.SilkS) (width 0.12))
    (fp_line (start -0.22 0.51) (end 0.22 0.51) (layer B.SilkS) (width 0.12))
    (fp_line (start 0.8 -0.4) (end -0.8 -0.4) (layer B.Fab) (width 0.1))
    (fp_line (start 0.8 0.4) (end 0.8 -0.4) (layer B.Fab) (width 0.1))
    (fp_line (start -0.8 0.4) (end 0.8 0.4) (layer B.Fab) (width 0.1))
    (fp_line (start -0.8 -0.4) (end -0.8 0.4) (layer B.Fab) (width 0.1))
    (pad 2 smd rect (at 0.9625 0 90) (size 0.845 1) (layers B.Cu B.Paste B.Mask)
      (net 6 GND))
    (pad 1 smd rect (at -0.9625 0 90) (size 0.845 1) (layers B.Cu B.Paste B.Mask)
      (net 7 +5V))
    (model ${KISYS3DMOD}/Capacitor_SMD.3dshapes/C_0603_1608Metric.wrl
      (at (xyz 0 0 0))
      (scale (xyz 1 1 1))
      (rotate (xyz 0 0 0))
    )
  )

  (module splitty:C_0603_1608Metric_Pad0.84x1.00mm_HandSolder (layer B.Cu) (tedit 59FE48B8) (tstamp 5BA3471A)
    (at 164.465 78.105 270)
    (descr "Capacitor SMD 0603 (1608 Metric), square (rectangular) end terminal, IPC_7351 nominal with elongated pad for handsoldering. (Body size source: http://www.tortai-tech.com/upload/download/2011102023233369053.pdf), generated with kicad-footprint-generator")
    (tags "capacitor handsolder")
    (path /5AE86D2F)
    (attr smd)
    (fp_text reference C5 (at 0 1.65 270) (layer B.SilkS)
      (effects (font (size 1 1) (thickness 0.15)) (justify mirror))
    )
    (fp_text value 100n (at 0 -1.65 270) (layer B.Fab)
      (effects (font (size 1 1) (thickness 0.15)) (justify mirror))
    )
    (fp_text user %R (at 0 0 270) (layer B.Fab)
      (effects (font (size 0.5 0.5) (thickness 0.08)) (justify mirror))
    )
    (fp_line (start 1.64 -0.75) (end -1.64 -0.75) (layer B.CrtYd) (width 0.05))
    (fp_line (start 1.64 0.75) (end 1.64 -0.75) (layer B.CrtYd) (width 0.05))
    (fp_line (start -1.64 0.75) (end 1.64 0.75) (layer B.CrtYd) (width 0.05))
    (fp_line (start -1.64 -0.75) (end -1.64 0.75) (layer B.CrtYd) (width 0.05))
    (fp_line (start -0.22 -0.51) (end 0.22 -0.51) (layer B.SilkS) (width 0.12))
    (fp_line (start -0.22 0.51) (end 0.22 0.51) (layer B.SilkS) (width 0.12))
    (fp_line (start 0.8 -0.4) (end -0.8 -0.4) (layer B.Fab) (width 0.1))
    (fp_line (start 0.8 0.4) (end 0.8 -0.4) (layer B.Fab) (width 0.1))
    (fp_line (start -0.8 0.4) (end 0.8 0.4) (layer B.Fab) (width 0.1))
    (fp_line (start -0.8 -0.4) (end -0.8 0.4) (layer B.Fab) (width 0.1))
    (pad 2 smd rect (at 0.9625 0 270) (size 0.845 1) (layers B.Cu B.Paste B.Mask)
      (net 6 GND))
    (pad 1 smd rect (at -0.9625 0 270) (size 0.845 1) (layers B.Cu B.Paste B.Mask)
      (net 7 +5V))
    (model ${KISYS3DMOD}/Capacitor_SMD.3dshapes/C_0603_1608Metric.wrl
      (at (xyz 0 0 0))
      (scale (xyz 1 1 1))
      (rotate (xyz 0 0 0))
    )
  )

  (module splitty:C_0603_1608Metric_Pad0.84x1.00mm_HandSolder (layer F.Cu) (tedit 59FE48B8) (tstamp 5BA3470A)
    (at 176.2025 82.55 180)
    (descr "Capacitor SMD 0603 (1608 Metric), square (rectangular) end terminal, IPC_7351 nominal with elongated pad for handsoldering. (Body size source: http://www.tortai-tech.com/upload/download/2011102023233369053.pdf), generated with kicad-footprint-generator")
    (tags "capacitor handsolder")
    (path /5AE820DE)
    (attr smd)
    (fp_text reference C4 (at 0 -1.65 180) (layer F.SilkS)
      (effects (font (size 1 1) (thickness 0.15)))
    )
    (fp_text value 10p (at 0 1.65 180) (layer F.Fab)
      (effects (font (size 1 1) (thickness 0.15)))
    )
    (fp_text user %R (at 0 0 180) (layer F.Fab)
      (effects (font (size 0.5 0.5) (thickness 0.08)))
    )
    (fp_line (start 1.64 0.75) (end -1.64 0.75) (layer F.CrtYd) (width 0.05))
    (fp_line (start 1.64 -0.75) (end 1.64 0.75) (layer F.CrtYd) (width 0.05))
    (fp_line (start -1.64 -0.75) (end 1.64 -0.75) (layer F.CrtYd) (width 0.05))
    (fp_line (start -1.64 0.75) (end -1.64 -0.75) (layer F.CrtYd) (width 0.05))
    (fp_line (start -0.22 0.51) (end 0.22 0.51) (layer F.SilkS) (width 0.12))
    (fp_line (start -0.22 -0.51) (end 0.22 -0.51) (layer F.SilkS) (width 0.12))
    (fp_line (start 0.8 0.4) (end -0.8 0.4) (layer F.Fab) (width 0.1))
    (fp_line (start 0.8 -0.4) (end 0.8 0.4) (layer F.Fab) (width 0.1))
    (fp_line (start -0.8 -0.4) (end 0.8 -0.4) (layer F.Fab) (width 0.1))
    (fp_line (start -0.8 0.4) (end -0.8 -0.4) (layer F.Fab) (width 0.1))
    (pad 2 smd rect (at 0.9625 0 180) (size 0.845 1) (layers F.Cu F.Paste F.Mask)
      (net 6 GND))
    (pad 1 smd rect (at -0.9625 0 180) (size 0.845 1) (layers F.Cu F.Paste F.Mask)
      (net 53 /xtal2))
    (model ${KISYS3DMOD}/Capacitor_SMD.3dshapes/C_0603_1608Metric.wrl
      (at (xyz 0 0 0))
      (scale (xyz 1 1 1))
      (rotate (xyz 0 0 0))
    )
  )

  (module splitty:C_0603_1608Metric_Pad0.84x1.00mm_HandSolder (layer F.Cu) (tedit 59FE48B8) (tstamp 5BA346FA)
    (at 176.2025 69.85 180)
    (descr "Capacitor SMD 0603 (1608 Metric), square (rectangular) end terminal, IPC_7351 nominal with elongated pad for handsoldering. (Body size source: http://www.tortai-tech.com/upload/download/2011102023233369053.pdf), generated with kicad-footprint-generator")
    (tags "capacitor handsolder")
    (path /5AE81AE9)
    (attr smd)
    (fp_text reference C3 (at 0 -1.65 180) (layer F.SilkS)
      (effects (font (size 1 1) (thickness 0.15)))
    )
    (fp_text value 10p (at 0 1.65 180) (layer F.Fab)
      (effects (font (size 1 1) (thickness 0.15)))
    )
    (fp_text user %R (at 0 0 180) (layer F.Fab)
      (effects (font (size 0.5 0.5) (thickness 0.08)))
    )
    (fp_line (start 1.64 0.75) (end -1.64 0.75) (layer F.CrtYd) (width 0.05))
    (fp_line (start 1.64 -0.75) (end 1.64 0.75) (layer F.CrtYd) (width 0.05))
    (fp_line (start -1.64 -0.75) (end 1.64 -0.75) (layer F.CrtYd) (width 0.05))
    (fp_line (start -1.64 0.75) (end -1.64 -0.75) (layer F.CrtYd) (width 0.05))
    (fp_line (start -0.22 0.51) (end 0.22 0.51) (layer F.SilkS) (width 0.12))
    (fp_line (start -0.22 -0.51) (end 0.22 -0.51) (layer F.SilkS) (width 0.12))
    (fp_line (start 0.8 0.4) (end -0.8 0.4) (layer F.Fab) (width 0.1))
    (fp_line (start 0.8 -0.4) (end 0.8 0.4) (layer F.Fab) (width 0.1))
    (fp_line (start -0.8 -0.4) (end 0.8 -0.4) (layer F.Fab) (width 0.1))
    (fp_line (start -0.8 0.4) (end -0.8 -0.4) (layer F.Fab) (width 0.1))
    (pad 2 smd rect (at 0.9625 0 180) (size 0.845 1) (layers F.Cu F.Paste F.Mask)
      (net 6 GND))
    (pad 1 smd rect (at -0.9625 0 180) (size 0.845 1) (layers F.Cu F.Paste F.Mask)
      (net 52 /xtal1))
    (model ${KISYS3DMOD}/Capacitor_SMD.3dshapes/C_0603_1608Metric.wrl
      (at (xyz 0 0 0))
      (scale (xyz 1 1 1))
      (rotate (xyz 0 0 0))
    )
  )

  (module splitty:C_0603_1608Metric_Pad0.84x1.00mm_HandSolder (layer B.Cu) (tedit 59FE48B8) (tstamp 5BA346EA)
    (at 167.64 78.105 90)
    (descr "Capacitor SMD 0603 (1608 Metric), square (rectangular) end terminal, IPC_7351 nominal with elongated pad for handsoldering. (Body size source: http://www.tortai-tech.com/upload/download/2011102023233369053.pdf), generated with kicad-footprint-generator")
    (tags "capacitor handsolder")
    (path /5AD20924)
    (attr smd)
    (fp_text reference C1 (at 0 1.65 90) (layer B.SilkS)
      (effects (font (size 1 1) (thickness 0.15)) (justify mirror))
    )
    (fp_text value 1u (at 0 -1.65 90) (layer B.Fab)
      (effects (font (size 1 1) (thickness 0.15)) (justify mirror))
    )
    (fp_text user %R (at 0 0 90) (layer B.Fab)
      (effects (font (size 0.5 0.5) (thickness 0.08)) (justify mirror))
    )
    (fp_line (start 1.64 -0.75) (end -1.64 -0.75) (layer B.CrtYd) (width 0.05))
    (fp_line (start 1.64 0.75) (end 1.64 -0.75) (layer B.CrtYd) (width 0.05))
    (fp_line (start -1.64 0.75) (end 1.64 0.75) (layer B.CrtYd) (width 0.05))
    (fp_line (start -1.64 -0.75) (end -1.64 0.75) (layer B.CrtYd) (width 0.05))
    (fp_line (start -0.22 -0.51) (end 0.22 -0.51) (layer B.SilkS) (width 0.12))
    (fp_line (start -0.22 0.51) (end 0.22 0.51) (layer B.SilkS) (width 0.12))
    (fp_line (start 0.8 -0.4) (end -0.8 -0.4) (layer B.Fab) (width 0.1))
    (fp_line (start 0.8 0.4) (end 0.8 -0.4) (layer B.Fab) (width 0.1))
    (fp_line (start -0.8 0.4) (end 0.8 0.4) (layer B.Fab) (width 0.1))
    (fp_line (start -0.8 -0.4) (end -0.8 0.4) (layer B.Fab) (width 0.1))
    (pad 2 smd rect (at 0.9625 0 90) (size 0.845 1) (layers B.Cu B.Paste B.Mask)
      (net 6 GND))
    (pad 1 smd rect (at -0.9625 0 90) (size 0.845 1) (layers B.Cu B.Paste B.Mask)
      (net 51 /ucap))
    (model ${KISYS3DMOD}/Capacitor_SMD.3dshapes/C_0603_1608Metric.wrl
      (at (xyz 0 0 0))
      (scale (xyz 1 1 1))
      (rotate (xyz 0 0 0))
    )
  )

  (module splitty:R_0603_1608Metric_Pad0.84x1.00mm_HandSolder (layer F.Cu) (tedit 59FE48B8) (tstamp 5BA344FC)
    (at 135.255 34.29)
    (descr "Resistor SMD 0603 (1608 Metric), square (rectangular) end terminal, IPC_7351 nominal with elongated pad for handsoldering. (Body size source: http://www.tortai-tech.com/upload/download/2011102023233369053.pdf), generated with kicad-footprint-generator")
    (tags "resistor handsolder")
    (path /5AD20CB3)
    (attr smd)
    (fp_text reference R1 (at 0 -1.65) (layer F.SilkS)
      (effects (font (size 1 1) (thickness 0.15)))
    )
    (fp_text value 22 (at 0 1.65) (layer F.Fab)
      (effects (font (size 1 1) (thickness 0.15)))
    )
    (fp_text user %R (at 0 0) (layer F.Fab)
      (effects (font (size 0.5 0.5) (thickness 0.08)))
    )
    (fp_line (start 1.64 0.75) (end -1.64 0.75) (layer F.CrtYd) (width 0.05))
    (fp_line (start 1.64 -0.75) (end 1.64 0.75) (layer F.CrtYd) (width 0.05))
    (fp_line (start -1.64 -0.75) (end 1.64 -0.75) (layer F.CrtYd) (width 0.05))
    (fp_line (start -1.64 0.75) (end -1.64 -0.75) (layer F.CrtYd) (width 0.05))
    (fp_line (start -0.22 0.51) (end 0.22 0.51) (layer F.SilkS) (width 0.12))
    (fp_line (start -0.22 -0.51) (end 0.22 -0.51) (layer F.SilkS) (width 0.12))
    (fp_line (start 0.8 0.4) (end -0.8 0.4) (layer F.Fab) (width 0.1))
    (fp_line (start 0.8 -0.4) (end 0.8 0.4) (layer F.Fab) (width 0.1))
    (fp_line (start -0.8 -0.4) (end 0.8 -0.4) (layer F.Fab) (width 0.1))
    (fp_line (start -0.8 0.4) (end -0.8 -0.4) (layer F.Fab) (width 0.1))
    (pad 2 smd rect (at 0.9625 0) (size 0.845 1) (layers F.Cu F.Paste F.Mask)
      (net 50 /mcuD+))
    (pad 1 smd rect (at -0.9625 0) (size 0.845 1) (layers F.Cu F.Paste F.Mask)
      (net 16 /D+))
    (model ${KISYS3DMOD}/Resistor_SMD.3dshapes/R_0603_1608Metric.wrl
      (at (xyz 0 0 0))
      (scale (xyz 1 1 1))
      (rotate (xyz 0 0 0))
    )
  )

  (module splitty:R_0603_1608Metric_Pad0.84x1.00mm_HandSolder (layer F.Cu) (tedit 59FE48B8) (tstamp 5BA344DC)
    (at 160.655 67.31 90)
    (descr "Resistor SMD 0603 (1608 Metric), square (rectangular) end terminal, IPC_7351 nominal with elongated pad for handsoldering. (Body size source: http://www.tortai-tech.com/upload/download/2011102023233369053.pdf), generated with kicad-footprint-generator")
    (tags "resistor handsolder")
    (path /5AD20CFF)
    (attr smd)
    (fp_text reference R3 (at 0 -1.65 90) (layer F.SilkS)
      (effects (font (size 1 1) (thickness 0.15)))
    )
    (fp_text value 4k7 (at 0 1.65 90) (layer F.Fab)
      (effects (font (size 1 1) (thickness 0.15)))
    )
    (fp_text user %R (at 0 0 90) (layer F.Fab)
      (effects (font (size 0.5 0.5) (thickness 0.08)))
    )
    (fp_line (start 1.64 0.75) (end -1.64 0.75) (layer F.CrtYd) (width 0.05))
    (fp_line (start 1.64 -0.75) (end 1.64 0.75) (layer F.CrtYd) (width 0.05))
    (fp_line (start -1.64 -0.75) (end 1.64 -0.75) (layer F.CrtYd) (width 0.05))
    (fp_line (start -1.64 0.75) (end -1.64 -0.75) (layer F.CrtYd) (width 0.05))
    (fp_line (start -0.22 0.51) (end 0.22 0.51) (layer F.SilkS) (width 0.12))
    (fp_line (start -0.22 -0.51) (end 0.22 -0.51) (layer F.SilkS) (width 0.12))
    (fp_line (start 0.8 0.4) (end -0.8 0.4) (layer F.Fab) (width 0.1))
    (fp_line (start 0.8 -0.4) (end 0.8 0.4) (layer F.Fab) (width 0.1))
    (fp_line (start -0.8 -0.4) (end 0.8 -0.4) (layer F.Fab) (width 0.1))
    (fp_line (start -0.8 0.4) (end -0.8 -0.4) (layer F.Fab) (width 0.1))
    (pad 2 smd rect (at 0.9625 0 90) (size 0.845 1) (layers F.Cu F.Paste F.Mask)
      (net 6 GND))
    (pad 1 smd rect (at -0.9625 0 90) (size 0.845 1) (layers F.Cu F.Paste F.Mask)
      (net 56 /hwb))
    (model ${KISYS3DMOD}/Resistor_SMD.3dshapes/R_0603_1608Metric.wrl
      (at (xyz 0 0 0))
      (scale (xyz 1 1 1))
      (rotate (xyz 0 0 0))
    )
  )

  (module splitty:R_0603_1608Metric_Pad0.84x1.00mm_HandSolder (layer F.Cu) (tedit 59FE48B8) (tstamp 5BA344CC)
    (at 163.195 52.705 270)
    (descr "Resistor SMD 0603 (1608 Metric), square (rectangular) end terminal, IPC_7351 nominal with elongated pad for handsoldering. (Body size source: http://www.tortai-tech.com/upload/download/2011102023233369053.pdf), generated with kicad-footprint-generator")
    (tags "resistor handsolder")
    (path /5AE8C8F6)
    (attr smd)
    (fp_text reference R4 (at 0 -1.65 270) (layer F.SilkS)
      (effects (font (size 1 1) (thickness 0.15)))
    )
    (fp_text value 4k7 (at 0 1.65 270) (layer F.Fab)
      (effects (font (size 1 1) (thickness 0.15)))
    )
    (fp_text user %R (at 0 0 270) (layer F.Fab)
      (effects (font (size 0.5 0.5) (thickness 0.08)))
    )
    (fp_line (start 1.64 0.75) (end -1.64 0.75) (layer F.CrtYd) (width 0.05))
    (fp_line (start 1.64 -0.75) (end 1.64 0.75) (layer F.CrtYd) (width 0.05))
    (fp_line (start -1.64 -0.75) (end 1.64 -0.75) (layer F.CrtYd) (width 0.05))
    (fp_line (start -1.64 0.75) (end -1.64 -0.75) (layer F.CrtYd) (width 0.05))
    (fp_line (start -0.22 0.51) (end 0.22 0.51) (layer F.SilkS) (width 0.12))
    (fp_line (start -0.22 -0.51) (end 0.22 -0.51) (layer F.SilkS) (width 0.12))
    (fp_line (start 0.8 0.4) (end -0.8 0.4) (layer F.Fab) (width 0.1))
    (fp_line (start 0.8 -0.4) (end 0.8 0.4) (layer F.Fab) (width 0.1))
    (fp_line (start -0.8 -0.4) (end 0.8 -0.4) (layer F.Fab) (width 0.1))
    (fp_line (start -0.8 0.4) (end -0.8 -0.4) (layer F.Fab) (width 0.1))
    (pad 2 smd rect (at 0.9625 0 270) (size 0.845 1) (layers F.Cu F.Paste F.Mask)
      (net 55 /SCL))
    (pad 1 smd rect (at -0.9625 0 270) (size 0.845 1) (layers F.Cu F.Paste F.Mask)
      (net 7 +5V))
    (model ${KISYS3DMOD}/Resistor_SMD.3dshapes/R_0603_1608Metric.wrl
      (at (xyz 0 0 0))
      (scale (xyz 1 1 1))
      (rotate (xyz 0 0 0))
    )
  )

  (module splitty:R_0603_1608Metric_Pad0.84x1.00mm_HandSolder (layer F.Cu) (tedit 59FE48B8) (tstamp 5BA344BC)
    (at 160.655 52.705 270)
    (descr "Resistor SMD 0603 (1608 Metric), square (rectangular) end terminal, IPC_7351 nominal with elongated pad for handsoldering. (Body size source: http://www.tortai-tech.com/upload/download/2011102023233369053.pdf), generated with kicad-footprint-generator")
    (tags "resistor handsolder")
    (path /5AE8D451)
    (attr smd)
    (fp_text reference R5 (at 0 -1.65 270) (layer F.SilkS)
      (effects (font (size 1 1) (thickness 0.15)))
    )
    (fp_text value 4k7 (at 0 1.65 270) (layer F.Fab)
      (effects (font (size 1 1) (thickness 0.15)))
    )
    (fp_text user %R (at 0 0 270) (layer F.Fab)
      (effects (font (size 0.5 0.5) (thickness 0.08)))
    )
    (fp_line (start 1.64 0.75) (end -1.64 0.75) (layer F.CrtYd) (width 0.05))
    (fp_line (start 1.64 -0.75) (end 1.64 0.75) (layer F.CrtYd) (width 0.05))
    (fp_line (start -1.64 -0.75) (end 1.64 -0.75) (layer F.CrtYd) (width 0.05))
    (fp_line (start -1.64 0.75) (end -1.64 -0.75) (layer F.CrtYd) (width 0.05))
    (fp_line (start -0.22 0.51) (end 0.22 0.51) (layer F.SilkS) (width 0.12))
    (fp_line (start -0.22 -0.51) (end 0.22 -0.51) (layer F.SilkS) (width 0.12))
    (fp_line (start 0.8 0.4) (end -0.8 0.4) (layer F.Fab) (width 0.1))
    (fp_line (start 0.8 -0.4) (end 0.8 0.4) (layer F.Fab) (width 0.1))
    (fp_line (start -0.8 -0.4) (end 0.8 -0.4) (layer F.Fab) (width 0.1))
    (fp_line (start -0.8 0.4) (end -0.8 -0.4) (layer F.Fab) (width 0.1))
    (pad 2 smd rect (at 0.9625 0 270) (size 0.845 1) (layers F.Cu F.Paste F.Mask)
      (net 54 /SDA))
    (pad 1 smd rect (at -0.9625 0 270) (size 0.845 1) (layers F.Cu F.Paste F.Mask)
      (net 7 +5V))
    (model ${KISYS3DMOD}/Resistor_SMD.3dshapes/R_0603_1608Metric.wrl
      (at (xyz 0 0 0))
      (scale (xyz 1 1 1))
      (rotate (xyz 0 0 0))
    )
  )

  (module splitty:R_0603_1608Metric_Pad0.84x1.00mm_HandSolder (layer F.Cu) (tedit 59FE48B8) (tstamp 5BA344EC)
    (at 135.255 31.75)
    (descr "Resistor SMD 0603 (1608 Metric), square (rectangular) end terminal, IPC_7351 nominal with elongated pad for handsoldering. (Body size source: http://www.tortai-tech.com/upload/download/2011102023233369053.pdf), generated with kicad-footprint-generator")
    (tags "resistor handsolder")
    (path /5AD20B20)
    (attr smd)
    (fp_text reference R2 (at 0 -1.65) (layer F.SilkS)
      (effects (font (size 1 1) (thickness 0.15)))
    )
    (fp_text value 22 (at 0 1.65) (layer F.Fab)
      (effects (font (size 1 1) (thickness 0.15)))
    )
    (fp_text user %R (at 0 0) (layer F.Fab)
      (effects (font (size 0.5 0.5) (thickness 0.08)))
    )
    (fp_line (start 1.64 0.75) (end -1.64 0.75) (layer F.CrtYd) (width 0.05))
    (fp_line (start 1.64 -0.75) (end 1.64 0.75) (layer F.CrtYd) (width 0.05))
    (fp_line (start -1.64 -0.75) (end 1.64 -0.75) (layer F.CrtYd) (width 0.05))
    (fp_line (start -1.64 0.75) (end -1.64 -0.75) (layer F.CrtYd) (width 0.05))
    (fp_line (start -0.22 0.51) (end 0.22 0.51) (layer F.SilkS) (width 0.12))
    (fp_line (start -0.22 -0.51) (end 0.22 -0.51) (layer F.SilkS) (width 0.12))
    (fp_line (start 0.8 0.4) (end -0.8 0.4) (layer F.Fab) (width 0.1))
    (fp_line (start 0.8 -0.4) (end 0.8 0.4) (layer F.Fab) (width 0.1))
    (fp_line (start -0.8 -0.4) (end 0.8 -0.4) (layer F.Fab) (width 0.1))
    (fp_line (start -0.8 0.4) (end -0.8 -0.4) (layer F.Fab) (width 0.1))
    (pad 2 smd rect (at 0.9625 0) (size 0.845 1) (layers F.Cu F.Paste F.Mask)
      (net 49 /mcuD-))
    (pad 1 smd rect (at -0.9625 0) (size 0.845 1) (layers F.Cu F.Paste F.Mask)
      (net 15 /D-))
    (model ${KISYS3DMOD}/Resistor_SMD.3dshapes/R_0603_1608Metric.wrl
      (at (xyz 0 0 0))
      (scale (xyz 1 1 1))
      (rotate (xyz 0 0 0))
    )
  )

  (module splitty:SW_Cherry_MX1A_1.00u_PCB_BothSides (layer F.Cu) (tedit 5AEF6D42) (tstamp 5AD5D332)
    (at 152.4 57.15)
    (descr "Cherry MX keyswitch, MX1A, 1.00u, PCB mount, http://cherryamericas.com/wp-content/uploads/2014/12/mx_cat.pdf")
    (tags "cherry mx keyswitch MX1A 1.00u PCB")
    (path /5AECC067)
    (fp_text reference SW13 (at 0 -7.874) (layer F.SilkS)
      (effects (font (size 1 1) (thickness 0.15)))
    )
    (fp_text value SW_Push (at 0 7.874) (layer F.Fab)
      (effects (font (size 1 1) (thickness 0.15)))
    )
    (fp_line (start -9.525 9.525) (end -9.525 -9.525) (layer Dwgs.User) (width 0.15))
    (fp_line (start 9.525 9.525) (end -9.525 9.525) (layer Dwgs.User) (width 0.15))
    (fp_line (start 9.525 -9.525) (end 9.525 9.525) (layer Dwgs.User) (width 0.15))
    (fp_line (start -9.525 -9.525) (end 9.525 -9.525) (layer Dwgs.User) (width 0.15))
    (fp_line (start -6.6 -6.6) (end 6.6 -6.6) (layer F.CrtYd) (width 0.05))
    (fp_line (start 6.6 -6.6) (end 6.6 6.6) (layer F.CrtYd) (width 0.05))
    (fp_line (start 6.6 6.6) (end -6.6 6.6) (layer F.CrtYd) (width 0.05))
    (fp_line (start -6.6 6.6) (end -6.6 -6.6) (layer F.CrtYd) (width 0.05))
    (fp_line (start -6.35 6.35) (end -6.35 -6.35) (layer F.Fab) (width 0.15))
    (fp_line (start 6.35 6.35) (end -6.35 6.35) (layer F.Fab) (width 0.15))
    (fp_line (start 6.35 -6.35) (end 6.35 6.35) (layer F.Fab) (width 0.15))
    (fp_line (start -6.35 -6.35) (end 6.35 -6.35) (layer F.Fab) (width 0.15))
    (fp_text user %R (at 0 -7.874) (layer F.Fab)
      (effects (font (size 1 1) (thickness 0.15)))
    )
    (fp_text user %R (at 0 -7.874) (layer B.SilkS)
      (effects (font (size 1 1) (thickness 0.15)) (justify mirror))
    )
    (fp_line (start 4 -7) (end 7 -7) (layer F.SilkS) (width 0.12))
    (fp_line (start 7 -7) (end 7 -4) (layer F.SilkS) (width 0.12))
    (fp_line (start 7 4) (end 7 7) (layer F.SilkS) (width 0.12))
    (fp_line (start 7 7) (end 4 7) (layer F.SilkS) (width 0.12))
    (fp_line (start -4 7) (end -7 7) (layer F.SilkS) (width 0.12))
    (fp_line (start -7 7) (end -7 4) (layer F.SilkS) (width 0.12))
    (fp_line (start -4 -7) (end -7 -7) (layer F.SilkS) (width 0.12))
    (fp_line (start -7 -7) (end -7 -4) (layer F.SilkS) (width 0.12))
    (fp_line (start 4 -7) (end 7 -7) (layer B.SilkS) (width 0.12))
    (fp_line (start 7 -7) (end 7 -4) (layer B.SilkS) (width 0.12))
    (fp_line (start 7 4) (end 7 7) (layer B.SilkS) (width 0.12))
    (fp_line (start 7 7) (end 4 7) (layer B.SilkS) (width 0.12))
    (fp_line (start -4 7) (end -7 7) (layer B.SilkS) (width 0.12))
    (fp_line (start -7 7) (end -7 4) (layer B.SilkS) (width 0.12))
    (fp_line (start -4 -7) (end -7 -7) (layer B.SilkS) (width 0.12))
    (fp_line (start -7 -7) (end -7 -4) (layer B.SilkS) (width 0.12))
    (pad 2 thru_hole circle (at 3.81 -2.54) (size 2.2 2.2) (drill 1.5) (layers *.Cu *.Mask)
      (net 29 /sw13d))
    (pad 1 thru_hole circle (at -2.54 -5.08) (size 2.2 2.2) (drill 1.5) (layers *.Cu *.Mask)
      (net 13 /col5))
    (pad "" np_thru_hole circle (at 5.08 0) (size 1.7 1.7) (drill 1.7) (layers *.Cu *.Mask))
    (pad "" np_thru_hole circle (at -5.08 0) (size 1.7 1.7) (drill 1.7) (layers *.Cu *.Mask))
    (pad "" np_thru_hole circle (at 0 0) (size 4 4) (drill 4) (layers *.Cu *.Mask))
    (pad 1 thru_hole circle (at -3.81 -2.54) (size 2.2 2.2) (drill 1.5) (layers *.Cu *.Mask)
      (net 13 /col5))
    (pad 2 thru_hole circle (at 2.54 -5.08) (size 2.2 2.2) (drill 1.5) (layers *.Cu *.Mask)
      (net 29 /sw13d))
    (model ${KIPRJMOD}/3dshapes/MX.wrl
      (at (xyz 0 0 0))
      (scale (xyz 1 1 1))
